Planet 1
Position History (x, y, z)
0.0, 0.0, 0.0
4.1159553487701595e-09, 0.0, 0.0
1.2391455426795895e-08, 2.718670134580771e-10, 0.0
2.4888502401005847e-08, 1.1027568107319873e-09, 0.0
4.1688148663902005e-08, 2.8048743892612603e-09, 0.0
6.289099837732635e-08, 5.727349056209877e-09, 0.0
8.861724894661155e-08, 1.0271394606514997e-08, 0.0
1.1900562673657815e-07, 1.6910445528402466e-08, 0.0
1.5420994163850588e-07, 2.621780214613297e-08, 0.0
1.943907145203019e-07, 3.890566953938128e-08, 0.0
2.3969668934599916e-07, 5.5881612349838245e-08, 0.0
2.9022536845985626e-07, 7.833165791891295e-08, 0.0
3.459391402979749e-07, 1.0784333161708773e-07, 0.0
4.0648507768253705e-07, 1.4658351340700806e-07, 0.0
4.708023926884699e-07, 1.9752798828429076e-07, 0.0
5.362726769542969e-07, 2.6462829024836663e-07, 0.0
5.970400934958486e-07, 3.5233512576041053e-07, 0.0
6.41884545829764e-07, 4.626021643351748e-07, 0.0
6.566271465100549e-07, 5.876519112408398e-07, 0.0
6.373044557340576e-07, 7.09060223783195e-07, 0.0
5.94456052021692e-07, 8.134532061810998e-07, 0.0
5.402605372107747e-07, 8.985481157501187e-07, 0.0
4.823609671608948e-07, 9.66957906829783e-07, 0.0
4.2475629610830334e-07, 1.0219838832574508e-06, 0.0
3.6944236999583813e-07, 1.0664124618910294e-06, 0.0
3.174024140195398e-07, 1.1023901986374955e-06, 0.0
2.691108319782944e-07, 1.131543401248021e-06, 0.0
2.247834981930777e-07, 1.1551141301928209e-06, 0.0
1.8450434062692742e-07, 1.174067108533076e-06, 0.0
1.482912165172434e-07, 1.1891667609926865e-06, 0.0
1.1613121161982784e-07, 1.201031645756669e-06, 0.0
8.80000723483442e-08, 1.210173094772528e-06, 0.0
6.387317863412705e-08, 1.2170230783384695e-06, 0.0
4.373191412322179e-08, 1.2219547496537963e-06, 0.0
2.7567507483069697e-08, 1.2252980178376136e-06, 0.0
1.5383494952110142e-08, 1.2273517619643463e-06, 0.0
7.197461531427531e-09, 1.2283938240229063e-06, 0.0
3.0424480118703046e-09, 1.2286896216389768e-06, 0.0
2.968258213634795e-09, 1.228500047345495e-06, 0.0
7.042809713703416e-09, 1.2280892384683513e-06, 0.0
1.5353609727228634e-08, 1.22773279607774e-06, 0.0
2.8009382985917994e-08, 1.2277271036187473e-06, 0.0
4.514180763718672e-08, 1.2284005622064313e-06, 0.0
6.690719513022192e-08, 1.2301278572420422e-06, 0.0
9.348771991005163e-08, 1.2333488683634357e-06, 0.0
1.2509134099464785e-07, 1.23859465068649e-06, 0.0
1.619485956720511e-07, 1.2465242502828511e-06, 0.0
2.0430239669722782e-07, 1.2579782925480558e-06, 0.0
2.5238247060735825e-07, 1.2740587466915813e-06, 0.0
3.063459100196046e-07, 1.2962493370375144e-06, 0.0
3.661416962124842e-07, 1.3265963353740623e-06, 0.0
4.312017898413451e-07, 1.3679643009534224e-06, 0.0
4.997397319342539e-07, 1.4243139373350764e-06, 0.0
5.672491475874761e-07, 1.500611962590471e-06, 0.0
6.240743809112043e-07, 1.6008338097230366e-06, 0.0
6.554162911308214e-07, 1.7213579793237297e-06, 0.0
6.522933403666551e-07, 1.8458575347967453e-06, 0.0
6.214460422006946e-07, 1.9579161082913263e-06, 0.0
5.751068836345815e-07, 2.0520541769599314e-06, 0.0
5.220536827608301e-07, 2.129443727179921e-06, 0.0
4.672091158766046e-07, 2.192906042039685e-06, 0.0
4.1317358396476334e-07, 2.245103171314524e-06, 0.0
3.613180837736879e-07, 2.288174772310242e-06, 0.0
3.12373171336592e-07, 2.3237753649939755e-06, 0.0
2.667309414313385e-07, 2.353182490048029e-06, 0.0
2.2460153436293304e-07, 2.3773944401630823e-06, 0.0
1.8609659167850955e-07, 2.3972045945540625e-06, 0.0
1.512752275081093e-07, 2.4132553876105743e-06, 0.0
1.2017018563900778e-07, 2.4260772141849082e-06, 0.0
9.280321235146073e-08, 2.4361167374326643e-06, 0.0
6.919441418339719e-08, 2.443757857731975e-06, 0.0
4.9368205426792544e-08, 2.4493376252714317e-06, 0.0
3.3357316390367515e-08, 2.4531586907717465e-06, 0.0
2.1205722231974235e-08, 2.455499429608496e-06, 0.0
1.2971014217777525e-08, 2.456622579997161e-06, 0.0
8.726544273282068e-09, 2.456783058731031e-06, 0.0
8.563563084826238e-09, 2.456235529166491e-06, 0.0
1.2593504476789594e-08, 2.4552422820382834e-06, 0.0
2.0950520388803e-08, 2.454082050416687e-06, 0.0
3.379432096789349e-08, 2.453060530851371e-06, 0.0
5.1313296593262623e-08, 2.452523658629958e-06, 0.0
7.372774660500931e-08, 2.4528751520325234e-06, 0.0
1.0129271867535233e-07, 2.454600615385538e-06, 0.0
1.3429926803140028e-07, 2.4583017766967485e-06, 0.0
1.730714128461424e-07, 2.4647465769584773e-06, 0.0
2.179526023689377e-07, 2.4749443698203266e-06, 0.0
2.6926749108965434e-07, 2.490261110186587e-06, 0.0
3.2722569170016806e-07, 2.5125970321963885e-06, 0.0
3.9168789200023914e-07, 2.544653178605186e-06, 0.0
4.6160587194355655e-07, 2.5902787956188497e-06, 0.0
5.337380335232136e-07, 2.6546632419802527e-06, 0.0
6.002054172698636e-07, 2.7432030771819976e-06, 0.0
6.467641459456761e-07, 2.856077275370355e-06, 0.0
6.604595100033982e-07, 2.980468234414701e-06, 0.0
6.432238751029976e-07, 3.0981711206129195e-06, 0.0
6.063919770454052e-07, 3.200278387363675e-06, 0.0
5.596368817021311e-07, 3.2861026566102666e-06, 0.0
5.088044960013344e-07, 3.357752244053788e-06, 0.0
4.571362941505276e-07, 3.417650638215583e-06, 0.0
4.0642278846988127e-07, 3.4678716341362123e-06, 0.0
3.5767358059764883e-07, 3.5100646467672424e-06, 0.0
3.1147305684325057e-07, 3.545522157400233e-06, 0.0
2.6816896515008376e-07, 3.5752624016862646e-06, 0.0
2.2797495309041594e-07, 3.6000981221419613e-06, 0.0
1.9102818415744102e-07, 3.6206885512968376e-06, 0.0
1.5742284414753438e-07, 3.6375777190895037e-06, 0.0
1.2723031870826703e-07, 3.651222684335614e-06, 0.0
1.005118042092979e-07, 3.6620145981151436e-06, 0.0
7.732653643306922e-08, 3.6702947364470528e-06, 0.0
5.7737458320180495e-08, 3.6763670352596893e-06, 0.0
4.181540652328728e-08, 3.680508235261409e-06, 0.0
2.964248347501055e-08, 3.6829764619675765e-06, 0.0
2.1315047572110608e-08, 3.684018891239463e-06, 0.0
1.6946620237852368e-08, 3.6838790587676186e-06, 0.0
1.6670931796790317e-08, 3.6828043507841852e-06, 0.0
2.0645282363612822e-08, 3.6810542629389454e-06, 0.0
2.90543601341755e-08, 3.6789101486143738e-06, 0.0
4.211461653322967e-08, 3.6766874297430697e-06, 0.0
6.007921124853356e-08, 3.6747516746679776e-06, 0.0
8.324334060019056e-08, 3.673540670757275e-06, 0.0
1.1194929580590456e-07, 3.6735958330730993e-06, 0.0
1.4658950702700442e-07, 3.675608343454136e-06, 0.0
1.8760326148667698e-07, 3.680488900413869e-06, 0.0
2.3545663062679088e-07, 3.689475781201429e-06, 0.0
2.9058004573452474e-07, 3.704304897089684e-06, 0.0
3.532002146942156e-07, 3.7274753944272466e-06, 0.0
4.229095683988115e-07, 3.762633925947649e-06, 0.0
4.976101837113059e-07, 3.814959125971769e-06, 0.0
5.712458107955735e-07, 3.8907236106890695e-06, 0.0
6.310159888799863e-07, 3.99327603363795e-06, 0.0
6.61421299360458e-07, 4.11420482897761e-06, 0.0
6.59068105681093e-07, 4.235136089289719e-06, 0.0
6.332842017865792e-07, 4.343816816245526e-06, 0.0
5.942493889052529e-07, 4.4372953248869784e-06, 0.0
5.486812359146214e-07, 4.5167024159367255e-06, 0.0
5.004832921557518e-07, 4.584088101207004e-06, 0.0
4.5189200341721737e-07, 4.641390145699757e-06, 0.0
4.0421663866252083e-07, 4.690213345273734e-06, 0.0
3.582487315129818e-07, 4.731840930678125e-06, 0.0
3.144842573040143e-07, 4.76729516110422e-06, 0.0
2.732465372348593e-07, 4.797397033378589e-06, 0.0
2.3475638209766676e-07, 4.822814454083121e-06, 0.0
1.9917352859742617e-07, 4.8440989193899984e-06, 0.0
1.666220020667915e-07, 4.861713053842102e-06, 0.0
1.3720623102049117e-07, 4.876051379792271e-06, 0.0
1.1102172216435672e-07, 4.887456214156118e-06, 0.0
8.81624946205233e-08, 4.896230112062394e-06, 0.0
6.87265896206401e-08, 4.902645907589463e-06, 0.0
5.282047688166726e-08, 4.906955143568928e-06, 0.0
4.056289700089794e-08, 4.909395516403673e-06, 0.0
3.208851859772916e-08, 4.910197870530402e-06, 0.0
2.7551699619475482e-08, 4.909593251029711e-06, 0.0
2.7130595631533508e-08, 4.907820562395117e-06, 0.0
3.10318354017474e-08, 4.905135499395606e-06, 0.0
3.949596884082492e-08, 4.901821642458044e-06, 0.0
5.280385996827096e-08, 4.898205002827243e-06, 0.0
7.128409915285189e-08, 4.894673967026904e-06, 0.0
9.532123336924926e-08, 4.891707715177995e-06, 0.0
1.2536389590026007e-07, 4.889918114350552e-06, 0.0
1.619301071198673e-07, 4.890113422510334e-06, 0.0
2.0560246839754803e-07, 4.893397901291498e-06, 0.0
2.5699439223141117e-07, 4.901331020585548e-06, 0.0
3.1663854786886224e-07, 4.916183490186033e-06, 0.0
3.846710680869664e-07, 4.941333448006826e-06, 0.0
4.5999706968299464e-07, 4.981770382957505e-06, 0.0
5.383089799542487e-07, 5.044179317777282e-06, 0.0
6.088233941327617e-07, 5.134312788058581e-06, 0.0
6.55056858531832e-07, 5.248471380533243e-06, 0.0
6.68403692835845e-07, 5.369871910345724e-06, 0.0
6.550336285764905e-07, 5.483403552735193e-06, 0.0
6.250760820683451e-07, 5.58351031478656e-06, 0.0
5.860006480578656e-07, 5.670056395800585e-06, 0.0
5.423719561305312e-07, 5.744562176172298e-06, 0.0
4.968910304555563e-07, 5.8087471940769e-06, 0.0
4.5118409727457624e-07, 5.864125440556525e-06, 0.0
4.062629424323345e-07, 5.911942812540935e-06, 0.0
3.6278130562242606e-07, 5.95320726231023e-06, 0.0
3.2117910175905575e-07, 5.988735357505904e-06, 0.0
2.817658340969154e-07, 6.0191944831202654e-06, 0.0
2.4477047277925936e-07, 6.045136682032193e-06, 0.0
2.1037234566360305e-07, 6.067024780226266e-06, 0.0
1.7872098453247368e-07, 6.085252411172314e-06, 0.0
1.499493970137643e-07, 6.10015948182294e-06, 0.0
1.2418336459001024e-07, 6.112044324922219e-06, 0.0
1.015483343373354e-07, 6.121173495444059e-06, 0.0
8.2174888894969e-08, 6.127789949092729e-06, 0.0
6.6203445280855e-08, 6.1321201915409815e-06, 0.0
5.378864254192128e-08, 6.134380900928103e-06, 0.0
4.510377348720387e-08, 6.134785497697865e-06, 0.0
4.034556502181415e-08, 6.13355116671822e-06, 0.0
3.9739596058938055e-08, 6.130906938770275e-06, 0.0
4.354664790763858e-08, 6.127103639462157e-06, 0.0
5.207029303195442e-08, 6.122426866278582e-06, 0.0
6.566601239937207e-08, 6.117214755708576e-06, 0.0
8.475201409200209e-08, 6.111883328743115e-06, 0.0
1.0982151861159695e-07, 6.106963977948775e-06, 0.0
1.4145509969668884e-07, 6.103160775881216e-06, 0.0
1.8032847114180945e-07, 6.101440804544439e-06, 0.0
2.2720253754671097e-07, 6.103180345196387e-06, 0.0
2.8285942146944593e-07, 6.110405250048809e-06, 0.0
3.4788568653021705e-07, 6.126180634632853e-06, 0.0
4.2204141955320214e-07, 6.1551769054018125e-06, 0.0
5.026141874303578e-07, 6.2041186649584326e-06, 0.0
5.811193605337089e-07, 6.280377669522315e-06, 0.0
6.415428008003907e-07, 6.384722622165569e-06, 0.0
6.708375740164183e-07, 6.5035805741177095e-06, 0.0
6.709935317191824e-07, 6.619919490174914e-06, 0.0
6.513613970231593e-07, 6.725374591940733e-06, 0.0
6.19955840443035e-07, 6.818244302798617e-06, 0.0
5.819711105179979e-07, 6.899342991152327e-06, 0.0
5.40580323030531e-07, 6.970077190555183e-06, 0.0
4.977391385707683e-07, 7.031816783053303e-06, 0.0
4.5469020168262337e-07, 7.085738097383536e-06, 0.0
4.1225304725024465e-07, 7.132813894919013e-06, 0.0
3.70990094983995e-07, 7.173841977598662e-06, 0.0
3.313038610589938e-07, 7.209478897824464e-06, 0.0
2.934956871427336e-07, 7.240269550173138e-06, 0.0
2.5780244556764963e-07, 7.266671049058305e-06, 0.0
2.2442031152544197e-07, 7.289071489424295e-06, 0.0
1.9352076127859097e-07, 7.3078046455002114e-06, 0.0
1.652618173738115e-07, 7.32316160553383e-06, 0.0
1.3979637214196766e-07, 7.335400167300525e-06, 0.0
1.1727874462616777e-07, 7.344752654307546e-06, 0.0
9.787023661812425e-08, 7.351432689460685e-06, 0.0
8.174423000685045e-08, 7.355641387401236e-06, 0.0
6.909124484707683e-08, 7.357573399240171e-06, 0.0
6.01243197416746e-08, 7.357423267659651e-06, 0.0
5.5085063631489846e-08, 7.35539263795581e-06, 0.0
5.4250749263093836e-08, 7.351699046650224e-06, 0.0
5.794286335342063e-08, 7.346587321616968e-06, 0.0
6.653757888500738e-08, 7.340345164236768e-06, 0.0
8.047862520179003e-08, 7.333325406544038e-06, 0.0
1.0029287718268332e-07, 7.325979044738225e-06, 0.0
1.2660832809271603e-07, 7.318906007047768e-06, 0.0
1.60172030992343e-07, 7.312935766799744e-06, 0.0
2.0185954035870348e-07, 7.30925921892574e-06, 0.0
2.5265016102619013e-07, 7.3096493743067894e-06, 0.0
3.134935199849673e-07, 7.316831565918034e-06, 0.0
3.848581424335186e-07, 7.335068435400678e-06, 0.0
4.654277851795545e-07, 7.370840654196283e-06, 0.0
5.490598994210009e-07, 7.432419103161738e-06, 0.0
6.213769232309857e-07, 7.5243778207730615e-06, 0.0
6.662035287214465e-07, 7.637565920586946e-06, 0.0
6.806580876228206e-07, 7.754374748515762e-06, 0.0
6.724412184666748e-07, 7.863644475557677e-06, 0.0
6.498002917118952e-07, 7.961822354957028e-06, 0.0
6.184874593143526e-07, 8.0488235828747e-06, 0.0
5.821402961750811e-07, 8.125634420588693e-06, 0.0
5.430498005241108e-07, 8.193419999368052e-06, 0.0
5.026967082038512e-07, 8.253250544375598e-06, 0.0
4.6207238586272993e-07, 8.306040109656475e-06, 0.0
4.218663623809239e-07, 8.352551704675038e-06, 0.0
3.825775685724681e-07, 8.393419607430701e-06, 0.0
3.4458217856760863e-07, 8.429173088988099e-06, 0.0
3.081763363391573e-07, 8.460257090534376e-06, 0.0
2.736040017182371e-07, 8.487049131026958e-06, 0.0
2.4107577532604793e-07, 8.509872858744341e-06, 0.0
2.1078215566688928e-07, 8.529008914895212e-06, 0.0
1.8290333176818296e-07, 8.544703754331411e-06, 0.0
1.576168424432372e-07, 8.55717697790251e-06, 0.0
1.3510398558229292e-07, 8.566627644758522e-06, 0.0
1.1555560228943938e-07, 8.57323997426905e-06, 0.0
9.917771761317028e-08, 8.577188824590959e-06, 0.0
8.619745214659861e-08, 8.57864535506269e-06, 0.0
7.686960582336646e-08, 8.577783354416854e-06, 0.0
7.148434639048143e-08, 8.574786869237097e-06, 0.0
7.037650492998463e-08, 8.569860040002152e-06, 0.0
7.393708246333544e-08, 8.563240524281321e-06, 0.0
8.26276828315932e-08, 8.555218703823684e-06, 0.0
9.699863461779308e-08, 8.546166307494539e-06, 0.0
1.1771132721799032e-07, 8.536580655237367e-06, 0.0
1.4556411602881282e-07, 8.527155436422598e-06, 0.0
1.8151717057409218e-07, 8.518897651877797e-06, 0.0
2.266993429415427e-07, 8.513326241456977e-06, 0.0
2.8234328065708984e-07, 8.51281414927376e-06, 0.0
3.4948716834011664e-07, 8.5211611810788e-06, 0.0
4.279932741238683e-07, 8.544400929362606e-06, 0.0
5.139325731792207e-07, 8.591095845051345e-06, 0.0
5.953562328092187e-07, 8.6687188589085e-06, 0.0
6.545876338230166e-07, 8.773167799446205e-06, 0.0
6.836912463552499e-07, 8.887868003273483e-06, 0.0
6.877708531795635e-07, 8.999176060954938e-06, 0.0
6.748756440461017e-07, 9.101450058384684e-06, 0.0
6.511933891767281e-07, 9.19350228895908e-06, 0.0
6.207990159394365e-07, 9.275779773558729e-06, 0.0
5.863163645990831e-07, 9.349174945234753e-06, 0.0
5.494672592960475e-07, 9.414611074959939e-06, 0.0
5.114184816100802e-07, 9.472917372925783e-06, 0.0
4.72989696616484e-07, 9.524804368530007e-06, 0.0
4.347785604560888e-07, 9.570871527760624e-06, 0.0
3.97237747496692e-07, 9.611623277032213e-06, 0.0
3.6072380446663024e-07, 9.647485404705006e-06, 0.0
3.255291597467924e-07, 9.678819454527796e-06, 0.0
2.919038395058691e-07, 9.705934706281248e-06, 0.0
2.6007077828294187e-07, 9.729097987420203e-06, 0.0
2.3023710304210564e-07, 9.748541727966472e-06, 0.0
2.026029003389417e-07, 9.764470676903357e-06, 0.0
1.7736846892601804e-07, 9.777067661371878e-06, 0.0
1.547407648691917e-07, 9.786498735486812e-06, 0.0
1.3493958117272847e-07, 9.792918052274862e-06, 0.0
1.182039246213112e-07, 9.796472811263227e-06, 0.0

Planet 2
Position History (x, y, z)
1.52, 0.0, 0.0
1.5071883642675423, 0.09850953045683958, 0.0
1.4814294131093357, 0.19617282695880578, 0.0
1.4425301537878237, 0.29209606659035253, 0.0
1.3902382963776698, 0.3853074562904901, 0.0
1.3242406926202988, 0.4747202695625669, 0.0
1.2441632068260104, 0.5590856577435014, 0.0
1.149574028643208, 0.6369299725072699, 0.0
1.0399943975741648, 0.706468715472623, 0.0
0.9149246640122523, 0.7654850226642707, 0.0
0.7739018360345324, 0.8111539389409799, 0.0
0.6166224203072175, 0.8397837447716296, 0.0
0.44320348942752896, 0.8464329869858866, 0.0
0.25474359165868177, 0.824356868713331, 0.0
0.05454461727050128, 0.7642927329737108, 0.0
-0.1492431736248474, 0.6539407314102664, 0.0
-0.338392450085226, 0.4794472542190555, 0.0
-0.4779786742684324, 0.23473116622125878, 0.0
-0.5238675605560104, -0.05599869039167771, 0.0
-0.46372222987739425, -0.335393916470235, 0.0
-0.33034899275672336, -0.5618259226786148, 0.0
-0.16165588786509655, -0.7281892832477473, 0.0
0.018566734435796983, -0.8426172814475302, 0.0
0.1978714290246786, -0.9153858058628097, 0.0
0.37004577595280685, -0.9551680681274219, 0.0
0.5320293145581344, -0.9686456002361092, 0.0
0.6823453798522204, -0.960880570518953, 0.0
0.8203220251266023, -0.935739110246427, 0.0
0.9456980098328822, -0.8962240893558026, 0.0
1.0584177501389729, -0.8447149140699063, 0.0
1.1585214438456037, -0.7831369554143655, 0.0
1.2460845844444304, -0.7130818239326662, 0.0
1.3211838061661203, -0.6358941031053743, 0.0
1.3838770556230475, -0.5527352978685577, 0.0
1.4341916350666257, -0.46463230836833247, 0.0
1.4721165372678537, -0.3725154482914434, 0.0
1.4975970257509745, -0.277249549706479, 0.0
1.5105302551727338, -0.17966077167614264, 0.0
1.5107612023076595, -0.08056118812627124, 0.0
1.4980784616694924, 0.019227027017073572, 0.0
1.4722096515686451, 0.11884601689356973, 0.0
1.4328163470518918, 0.21737323582812929, 0.0
1.3794886766079848, 0.3137864774930432, 0.0
1.3117400932234096, 0.4069194675469628, 0.0
1.2290035467395684, 0.49540300307497903, 0.0
1.130631727954251, 0.577584081384533, 0.0
1.0159070488012496, 0.6514113053234634, 0.0
0.8840734003729255, 0.714268080007115, 0.0
0.73441571817792, 0.7627243317288579, 0.0
0.5664450236278837, 0.7921617064673957, 0.0
0.3803201214922832, 0.7962108216695826, 0.0
0.17780913480878022, 0.7659552301754408, 0.0
-0.03552726625072783, 0.6890665415985336, 0.0
-0.2456621905924588, 0.5500849678542732, 0.0
-0.4225406974055727, 0.336636274802642, 0.0
-0.5200978463906474, 0.059993033589653744, 0.0
-0.5103770377740177, -0.22902427159446032, 0.0
-0.41435933024521276, -0.47931681479249294, 0.0
-0.2701204945143687, -0.6738286315512018, 0.0
-0.10498302865474524, -0.8162077411909172, 0.0
0.06573037524364522, -0.9152358842648736, 0.0
0.23392551374504655, -0.9791991583109743, 0.0
0.3953349192936644, -1.0147576222975572, 0.0
0.5476846081802369, -1.0270612600420705, 0.0
0.689754116628104, -1.0200866411944065, 0.0
0.8208893460366273, -0.9969411270416801, 0.0
0.9407427924531471, -0.9600942497272679, 0.0
1.0491304527200451, -0.9115456991401941, 0.0
1.1459504059953638, -0.8529464224478037, 0.0
1.231134963104957, -0.7856867372156606, 0.0
1.3046215388572708, -0.710961600848061, 0.0
1.3663341394159987, -0.6298201413109757, 0.0
1.4161708858774908, -0.5432044121893889, 0.0
1.4539948977641948, -0.4519809057977476, 0.0
1.4796269120623105, -0.35696744104906947, 0.0
1.4928386079280789, -0.25895749131364104, 0.0
1.4933459514690082, -0.15874374110501546, 0.0
1.480802085215791, -0.057142616505355306, 0.0
1.4547894375571186, 0.04497827672693634, 0.0
1.414810882449953, 0.14666740424171582, 0.0
1.360280021564104, 0.24684798151257165, 0.0
1.2905111342911217, 0.344263364247622, 0.0
1.204710339696066, 0.43740202337710177, 0.0
1.1019716769590278, 0.5243909743648081, 0.0
0.9812865822518984, 0.6028398653958271, 0.0
0.8415860090659736, 0.6696069050923191, 0.0
0.681859412878177, 0.720440317614026, 0.0
0.5014543370878197, 0.7494252884717172, 0.0
0.300804415586837, 0.7481543445842571, 0.0
0.08317241904646763, 0.7046460262729619, 0.0
-0.14135160379014083, 0.6027475364680754, 0.0
-0.3482429939415087, 0.4256611313554306, 0.0
-0.4931651622892347, 0.17282973339864416, 0.0
-0.5357943030500443, -0.11584959032625575, 0.0
-0.48214527128298384, -0.38371108960443984, 0.0
-0.36749943537627666, -0.6030284729432045, 0.0
-0.22196591122958853, -0.771662163152806, 0.0
-0.06374110851744963, -0.8961746656455638, 0.0
0.09708531651629146, -0.9841095145817813, 0.0
0.25494008058325907, -1.041921761210026, 0.0
0.40668062162426555, -1.0747454991341352, 0.0
0.5504879347607576, -1.086603803279935, 0.0
0.6852795934858524, -1.0806661108933067, 0.0
0.8103905821991922, -1.0594622257824786, 0.0
0.9253939554042256, -1.0250441249837798, 0.0
1.0299965432208276, -0.9791051972522119, 0.0
1.123976145228845, -0.9230681184582387, 0.0
1.207142276919795, -0.8581504150765958, 0.0
1.279310556452334, -0.785414368700043, 0.0
1.340285062798859, -0.7058060333353866, 0.0
1.3898453043601189, -0.6201868130949806, 0.0
1.4277357228100702, -0.5293601690383236, 0.0
1.453656385620515, -0.4340954795094917, 0.0
1.4672539373165052, -0.3351507921899791, 0.0
1.4681121186531545, -0.23329614025938905, 0.0
1.4557413052551473, -0.12933924960197254, 0.0
1.4295666225106882, -0.02415588215554279, 0.0
1.3889143271500153, 0.08127215576563342, 0.0
1.3329964149510145, 0.18580696829370566, 0.0
1.260894035244958, 0.288085865096352, 0.0
1.1715417461671058, 0.3864235963471623, 0.0
1.0637180395181038, 0.47866873667644594, 0.0
0.936055556190753, 0.5619865762780605, 0.0
0.7871035664307557, 0.6325227586222482, 0.0
0.6155222767303029, 0.6848739532559851, 0.0
0.4206060186961922, 0.7112611254555576, 0.0
0.2036234234376908, 0.7003334236292624, 0.0
-0.028895351162796346, 0.635971432149262, 0.0
-0.25809915282732776, 0.4986505242463569, 0.0
-0.4441442787189701, 0.27794743122512294, 0.0
-0.5387860579805017, 4.465617868043559e-05, 0.0
-0.5314612248064065, -0.27786576864206747, 0.0
-0.45120419453603433, -0.5176442419398504, 0.0
-0.3297013887819186, -0.7101031350074154, 0.0
-0.18786241862931177, -0.8587622674278005, 0.0
-0.037837765370546256, -0.9700026620696605, 0.0
0.11341124160651939, -1.0498559530187486, 0.0
0.26180927316581504, -1.1033173491998858, 0.0
0.4048925421058964, -1.1343811316285406, 0.0
0.5411172381704995, -1.146229261530633, 0.0
0.6694769673588921, -1.1414172356988959, 0.0
0.7892844172812935, -1.122024030672445, 0.0
0.9000423793514994, -1.08976627515948, 0.0
1.0013648028903657, -1.0460839693233481, 0.0
1.092926635748635, -0.9922051333068096, 0.0
1.174430596467845, -0.9291952886651292, 0.0
1.2455840339487905, -0.8579961914122954, 0.0
1.3060817775630047, -0.7794570855764402, 0.0
1.355592421532883, -0.6943609424444652, 0.0
1.3937463648005057, -0.6034476338666571, 0.0
1.4201244275292049, -0.5074357037513229, 0.0
1.4342461433756126, -0.4070443205546864, 0.0
1.4355569717111707, -0.3030171165480583, 0.0
1.4234137440397532, -0.19614998670111605, 0.0
1.397067706320044, -0.08732562501578463, 0.0
1.3556446197281975, 0.022441201097318245, 0.0
1.2981216887471743, 0.13194157016421498, 0.0
1.223301943034219, 0.23968394961352452, 0.0
1.1297889322789376, 0.3437637953174708, 0.0
1.015970226568029, 0.4416652617964239, 0.0
0.880032376191927, 0.5299511398427527, 0.0
0.7200660263084888, 0.6037673040534032, 0.0
0.5344131496758089, 0.6560457689708666, 0.0
0.3226500090023432, 0.6762714829945585, 0.0
0.088184622511014, 0.6489137790450649, 0.0
-0.1555749252483881, 0.5531643410918936, 0.0
-0.37506337404413276, 0.37111738900517427, 0.0
-0.5189730621384784, 0.11428801715397469, 0.0
-0.5605173139746533, -0.16508313736808505, 0.0
-0.5189005255559258, -0.41996097999524346, 0.0
-0.425652290497053, -0.6330515165278354, 0.0
-0.3040230335132496, -0.8039320484199937, 0.0
-0.1682209643511855, -0.9373350284158346, 0.0
-0.02665349411235135, -1.0386128215777615, 0.0
0.11561746296254649, -1.1124779910190512, 0.0
0.25544254600904215, -1.1628086097379542, 0.0
0.39078687554130703, -1.1927421062060253, 0.0
0.5202811391718094, -1.2048201906039526, 0.0
0.6429619536626466, -1.2011202159290826, 0.0
0.7581166092038855, -1.1833605126042848, 0.0
0.8651869163033223, -1.1529817078079325, 0.0
0.9637074309750224, -1.1112090548697018, 0.0
1.053264143558581, -1.0591005739024204, 0.0
1.1334655370329414, -0.9975848779961964, 0.0
1.2039211352682162, -0.9274916663529303, 0.0
1.2642244767838464, -0.8495771813056907, 0.0
1.31393848885813, -0.7645464615785597, 0.0
1.3525818301939159, -0.6730739559760629, 0.0
1.3796150963679752, -0.5758239731594376, 0.0
1.3944259401981531, -0.47347253923018756, 0.0
1.3963122075357821, -0.3667325527878459, 0.0
1.3844621705618632, -0.25638475267766875, 0.0
1.357930906433029, -0.1433181113456326, 0.0
1.315611917921835, -0.028585138157883078, 0.0
1.2562034585744102, 0.08651922826412571, 0.0
1.178170292521352, 0.20034093490656635, 0.0
1.0797052814926684, 0.3106884317994699, 0.0
0.9587051469494651, 0.41455150560234433, 0.0
0.8128014388616711, 0.5076462379644412, 0.0
0.6395596624833202, 0.5836668060346238, 0.0
0.43715403481110354, 0.6330724958834687, 0.0
0.20633132831301268, 0.6413258411551129, 0.0
-0.044465527467281635, 0.5874953260806902, 0.0
-0.2888266168408218, 0.4486350572263881, 0.0
-0.4769051001686752, 0.22235232355129111, 0.0
-0.5680901078726308, -0.04910465752691803, 0.0
-0.5685754270491402, -0.31272067773534407, 0.0
-0.5074668365157764, -0.5424589036390852, 0.0
-0.40971140671274264, -0.7330228852328804, 0.0
-0.291477147290354, -0.8869474897060194, 0.0
-0.16264093740143698, -1.008610800639393, 0.0
-0.029290113491481223, -1.1022768167607735, 0.0
0.10470737538470759, -1.171607067929857, 0.0
0.2368005831334218, -1.2196294447758913, 0.0
0.3652388797023075, -1.2488272459496004, 0.0
0.4887693628226277, -1.2612441061129491, 0.0
0.6064540536185419, -1.258576105341905, 0.0
0.7175556453230946, -1.2422460925431322, 0.0
0.821463508154749, -1.2134620814071533, 0.0
0.9176438920775237, -1.1732630028607893, 0.0
1.0056049241004603, -1.1225549202190346, 0.0
1.0848706999224216, -1.0621402743563135, 0.0
1.1549608743411, -0.992742213015001, 0.0
1.2153733671126534, -0.915025675032946, 0.0
1.265568496556592, -0.8296166650805744, 0.0
1.3049532354267037, -0.73712106895895, 0.0
1.3328644635221203, -0.6381444349713726, 0.0
1.3485501304237233, -0.5333144195635611, 0.0
1.3511471758234939, -0.4233081434250002, 0.0
1.3396549156267727, -0.30888767639369075, 0.0
1.3129024450823903, -0.19094853965877503, 0.0
1.2695085783332147, -0.07058898505758415, 0.0
1.2078333243537929, 0.05078718228894244, 0.0
1.1259219432656198, 0.17131258003259653, 0.0
1.0214491005130384, 0.2884053261706505, 0.0
0.8916894781211013, 0.3983585500950334, 0.0
0.7335948167077408, 0.49565344237220044, 0.0
0.5442092343378324, 0.5718069225085212, 0.0
0.3220743635477521, 0.6135507644599533, 0.0
0.07128724507292122, 0.6007127313139673, 0.0
-0.1890323472723271, 0.5075482433622968, 0.0
-0.41413170319449066, 0.3198198058270808, 0.0
-0.553662266437893, 0.06601118923736748, 0.0
-0.5986544852807709, -0.1990675610851313, 0.0
-0.5730779027685367, -0.44067952268758326, 0.0
-0.502603911114192, -0.6477661540239479, 0.0
-0.4051370929776198, -0.8200634915372247, 0.0
-0.2920000381993942, -0.9606414479772827, 0.0
-0.17032388050524588, -1.0731266995366093, 0.0
-0.04471766989344114, -1.1608505101738833, 0.0
0.08173279103150174, -1.2266580337031279, 0.0
0.20688122262810818, -1.2729242711140019, 0.0
0.3291746151498816, -1.3016235240908078, 0.0
0.4474420605519387, -1.3144032417888205, 0.0
0.5607617586873804, -1.3126483818094563, 0.0
0.6683743417003205, -1.2975340382239657, 0.0
0.7696242781236208, -1.2700676231550851, 0.0
0.8639186078504544, -1.2311226816680656, 0.0
0.9506964608229359, -1.1814663477887062, 0.0
1.0294052162312068, -1.1217821677447155, 0.0
1.0994805524682763, -1.0526897481167494, 0.0
1.1603284429861895, -0.9747625040636739, 0.0
1.2113075985289241, -0.8885447123275392, 0.0
1.2517110662349884, -0.7945691364317996, 0.0
1.2807457364116825, -0.6933767243566145, 0.0
1.2975084108068111, -0.585540353454076, 0.0
1.3009568686564377, -0.4716954468681336, 0.0
1.2898740503462018, -0.35258175559662286, 0.0
1.2628231325207768, -0.2291031439436666, 0.0
1.2180911203951645, -0.10241668345982899, 0.0
1.1536193227791605, 0.02592962991509029, 0.0
1.0669227175882552, 0.1537765657377455, 0.0
0.9550126076309727, 0.2779896563178058, 0.0
0.8143752413426731, 0.3938409332613584, 0.0
0.641173785387577, 0.49394418884029034, 0.0
0.43217670653493334, 0.5664718558094721, 0.0
0.18781272003531407, 0.5926433097824453, 0.0
-0.07968838646450471, 0.5458064066998849, 0.0
-0.333133750911729, 0.4027003326143832, 0.0
-0.5175017741053791, 0.17609384004124845, 0.0
-0.6080917413527469, -0.08242149518068864, 0.0
-0.6207900919097451, -0.330378165037745, 0.0
-0.5806513486364393, -0.5502147275514705, 0.0
-0.5069360335600714, -0.7382342413020156, 0.0
-0.41232807314814074, -0.8958281390687087, 0.0
-0.3049946304602343, -1.0257742762028896, 0.0
-0.19029518515251875, -1.1309464960715934, 0.0
-0.07186154958961327, -1.2139258611645622, 0.0
0.047754924843932664, -1.2769240190853384, 0.0
0.16669392849909098, -1.321806913039247, 0.0
0.2835464329186246, -1.35014465885528, 0.0
0.3972026237806331, -1.3632625976018555, 0.0
0.5067522663637929, -1.3622860977085125, 0.0
0.6114171102671052, -1.348177846823395, 0.0
0.7105032325350281, -1.3217683922734769, 0.0
0.8033659140566182, -1.283781213333153, 0.0
0.88938235022006, -1.2348536271818742, 0.0
0.9679290759034298, -1.1755547154140662, 0.0
1.0383619039166878, -1.1064013506336559, 0.0
1.0999966898308482, -1.0278733612178759, 0.0
1.1520894829340478, -0.9404289315565724, 0.0

